34 20 37 37 37 37 37 37 37 37 37 37 37 37 37 37 37 37 37 23 34 20 37 37 37 37 37 37 37 37 37 37 37 37 37 37 37 37 37 23
34 35 21 22 21 21 22 24 22 21 22 21 21 21 22 24 22 21 21 33 34 35 21 22 21 21 22 24 22 21 22 21 21 21 22 24 22 21 21 33
34 35 07 05 05 05 05 05 05 09 05 05 05 05 05 05 05 05 09 36 37 25 07 05 05 05 05 05 05 09 05 05 05 05 05 05 05 05 09 33
34 35 04 00 00 00 00 00 00 00 01 00 00 00 00 00 00 00 00 21 21 22 04 00 00 00 00 00 00 00 01 00 00 00 00 00 00 00 00 33
37 25 04 00 39 41 41 41 41 40 02 00 39 41 41 40 02 00 00 03 05 05 06 00 39 41 41 41 41 40 02 00 39 41 41 40 02 00 00 33
21 22 04 00 33 20 37 37 37 38 04 00 36 37 23 35 04 01 00 00 01 00 01 00 33 20 37 37 37 38 04 00 36 37 23 35 04 01 00 33
05 05 06 00 33 35 21 21 21 22 04 00 21 22 36 38 04 00 00 39 41 40 02 00 33 35 21 21 21 22 04 00 21 22 36 38 04 00 00 33
01 00 00 00 33 35 07 05 05 09 06 00 03 05 22 21 04 01 00 33 34 35 04 00 33 35 07 05 05 09 06 00 03 05 22 21 04 01 00 33
41 40 02 00 33 35 04 00 00 00 01 00 00 01 03 05 06 00 00 33 34 35 04 00 33 35 04 00 00 00 01 00 00 01 03 05 06 00 00 33
34 35 04 00 36 38 04 00 00 42 43 44 00 01 00 00 00 00 00 33 34 35 04 00 36 38 04 00 00 42 43 44 00 01 00 00 00 00 00 33
34 35 04 00 21 22 04 01 00 45 46 47 00 00 00 00 00 00 00 33 34 35 04 00 21 22 04 01 00 45 46 47 00 00 00 00 00 00 00 33
34 35 04 00 03 05 06 00 00 48 49 50 00 00 39 40 02 00 00 33 34 35 04 00 03 05 06 00 00 48 49 50 00 00 39 40 02 00 00 33
34 35 04 00 00 00 00 00 00 00 00 00 00 00 33 35 04 00 00 33 34 35 04 00 00 00 00 00 00 00 00 00 00 00 33 35 04 00 00 33
34 35 04 00 00 00 00 00 00 00 00 00 00 00 33 35 04 00 00 33 34 35 04 00 00 00 00 00 00 00 00 00 00 00 33 35 04 00 00 33
34 35 04 00 39 41 41 41 40 02 00 39 41 41 27 35 04 00 00 33 34 35 04 00 39 41 41 41 40 02 00 39 41 41 27 35 04 00 00 33
34 35 04 01 36 37 37 37 38 04 00 36 37 37 37 38 04 00 00 33 34 35 04 01 36 37 37 37 38 04 00 36 37 37 37 38 04 00 00 33
34 35 04 00 21 22 22 22 21 04 00 21 22 22 22 21 04 00 00 33 34 35 04 00 21 22 22 22 21 04 00 21 22 22 22 21 04 00 00 33
34 35 04 00 03 05 05 05 05 06 00 03 05 05 05 05 06 00 00 36 37 38 04 00 03 05 05 05 05 06 00 03 05 05 05 05 06 00 00 33
34 35 04 00 00 00 00 00 00 00 00 00 00 00 00 00 00 00 00 21 22 21 04 00 00 00 00 00 00 00 00 00 00 00 00 00 00 00 00 33
34 26 41 41 41 41 41 41 41 41 41 41 41 41 41 41 41 40 02 03 05 05 06 39 41 41 41 41 41 41 41 41 41 41 41 41 41 41 41 27
34 34 34 34 34 34 34 34 34 34 34 34 34 34 34 34 34 35 04 01 00 01 00 33 34 34 34 34 34 34 34 34 34 34 34 34 34 34 34 34
34 34 34 34 34 34 34 34 34 34 34 34 34 34 34 34 34 35 04 00 10 00 00 33 34 34 34 34 34 34 34 34 34 34 34 34 34 34 34 34
34 34 34 34 34 34 34 34 34 34 34 34 34 34 34 34 34 35 04 00 00 00 00 33 34 34 34 34 34 34 34 34 34 34 34 34 34 34 34 34 
34 34 34 34 34 34 34 34 34 34 34 34 34 34 34 34 34 26 41 41 41 41 41 27 34 34 34 34 34 34 34 34 34 34 34 34 34 34 34 34 
34 34 34 34 34 34 34 34 34 34 34 34 34 34 34 34 34 34 34 34 34 34 34 34 34 34 34 34 34 34 34 34 34 34 34 34 34 34 34 34

